1.809212256569840065e+02
1.579214681627289281e+02
1.489443765054744517e+02
1.758737300692027929e+02
1.913253972263776745e+02
1.577111538497520087e+02
1.850116726210879960e+02
1.651074778948671167e+02
1.520380156130476337e+02
2.028836891998222427e+02
1.447126221266600794e+02
1.607306688256915947e+02
1.802935230321878635e+02
1.412679372936695756e+02
1.559920418399082678e+02
1.747973363028480662e+02
1.532739555220826730e+02
1.457387739062462231e+02
1.700731715284374843e+02
1.932981101145914522e+02
1.745053479767952922e+02
1.597296552862994474e+02
1.653004803088581696e+02
1.718755096334234622e+02
1.948224146612927541e+02
1.602022706727983064e+02
1.665312850525959050e+02
1.891270958670372693e+02
1.663855214867010659e+02
1.589105108810777267e+02
1.826999291619169696e+02
1.784636840520306578e+02
1.615586288250051155e+02
1.564537753332688794e+02
1.569934166056281128e+02
1.666485051599341034e+02
1.868272383726562111e+02
1.552239436423950565e+02
1.517714475376544101e+02
1.497020991782053727e+02
1.889337764879194310e+02
1.713084963522202315e+02
1.601323304640702645e+02
1.534746727415294458e+02
1.629965778816668660e+02
1.709007783722525176e+02
1.788626451488420059e+02
1.626681716535091766e+02
1.873614128186690664e+02
1.503184516186365158e+02
1.796112062311981674e+02
1.508356396805538964e+02
1.869757239025499871e+02
1.824060644239488340e+02
1.696852804924324403e+02
1.483433038144918328e+02
1.426313863879516362e+02
1.413104624913505347e+02
1.570243241744528859e+02
1.751840224621739139e+02
1.652900983580464924e+02
1.408083801768973160e+02
1.608038866371607583e+02
1.545402509315516113e+02
1.408913249047143097e+02
1.493734228405487272e+02
1.642653530945634373e+02
1.480203843897542697e+02
1.686470625314359779e+02
1.575276752062972605e+02
1.621033870702249260e+02
1.612030068595416594e+02
1.556641518862717533e+02
1.772695958877727662e+02
1.853065224078804079e+02
1.584635707325221574e+02
1.559020444464230479e+02
1.811855454443490316e+02
1.618897801853853480e+02
1.576109717083934925e+02
1.632290311905655926e+02
1.449455582189791585e+02
1.636872384692456137e+02
1.872177687801791421e+02
1.621151867539863360e+02
1.901398797435724930e+02
1.508491120171766227e+02
1.723582158587113895e+02
1.461129023877583677e+02
1.870689966832067910e+02
1.450663905770499582e+02
1.615644589951313890e+02
1.537524501838380786e+02
1.742434729153944204e+02
1.911258529248848390e+02
1.667073251578826500e+02
1.518257414940216847e+02
1.855776086053195399e+02
1.642387825209328014e+02
1.694067067221591003e+02
1.803154248276255771e+02
1.531184963976613176e+02
1.739536883760736430e+02
1.804757952708279163e+02
1.710481437919004577e+02
1.554959299863504611e+02
1.550564587964942689e+02
1.468170967091154182e+02
1.812970194893864004e+02
1.433031736373381193e+02
1.612909039200511074e+02
1.717422612553605745e+02
1.639025859364115831e+02
1.724479340727472163e+02
1.726851166151109567e+02
1.554421684411696276e+02
1.508983413321691103e+02
1.667122933466583561e+02
1.564342397389321206e+02
1.762318892498390994e+02
1.600178844051164333e+02
1.653256080737407103e+02
1.702314676200258532e+02
1.575049275369512145e+02
1.711054964839109971e+02
1.662882235344063702e+02
1.437581980367275776e+02
1.647124238466450663e+02
1.615439680562356557e+02
1.713329587495992428e+02
1.511011673650403395e+02
1.633223062850688052e+02
1.563124115526084097e+02
1.769405112376637135e+02
1.687961386975279083e+02
1.497996664802699911e+02
1.597600292013410126e+02
1.834103194069103608e+02
1.660857217321039911e+02
1.765700017334027052e+02
1.844504343733379699e+02
1.689685967240775710e+02
1.487594754873553597e+02
1.493651716278049832e+02
1.744234492071653904e+02
1.631211183790379664e+02
1.404680532182754291e+02
1.637630422686698637e+02
1.649932717826556257e+02
1.447095555594869438e+02
1.655451792462679919e+02
1.650355412348901609e+02
1.605552547872040066e+02
1.672418118022028466e+02
1.692329363907574589e+02
1.534595768448788817e+02
1.754894763116134584e+02
1.869008147781530624e+02
1.565985032387648630e+02
1.583518505805630809e+02
1.649641375490439259e+02
1.690546223567818060e+02
1.635348215014742550e+02
1.741830206150134472e+02
1.514327085429798956e+02
1.931758574787362193e+02
1.861463392682000517e+02
1.572743278204760884e+02
1.695638266770495761e+02
1.547920225093103852e+02
1.814467966910121959e+02
1.496059443133181048e+02
1.745419660772950294e+02
1.798713931220596578e+02
1.777308054167311013e+02
1.886251773890715242e+02
1.650143069315847129e+02
1.431592446109430625e+02
1.629183331281861342e+02
1.619573076843556407e+02
1.566168513066862999e+02
1.889316061991128493e+02
1.533752873863405171e+02
1.637716480709860036e+02
1.491040182565299119e+02
1.648161483815551094e+02
1.657955497402318770e+02
1.617732689413668083e+02
1.692067576423705191e+02
1.819873507754481636e+02
1.629941005371236145e+02
1.543741746682946996e+02
1.593521842148005874e+02
1.510810573641637120e+02
1.430852944729415412e+02
1.474273534373662358e+02
1.615430076267643642e+02
1.484357635451503654e+02
1.731779368111288875e+02
1.410577452164493479e+02
1.716677699411330025e+02
1.721635606524447439e+02
1.695926993001029643e+02
1.820963107730437684e+02
1.693430899151454128e+02
1.592450544353751525e+02
1.689891293808695139e+02
1.958768679902886447e+02
1.821405964572001608e+02
1.668802359216664399e+02
1.480057374904768892e+02
1.735138491606673767e+02
1.817593044877886825e+02
1.663736003597160220e+02
1.987784869755327577e+02
1.943488471487618767e+02
1.858371200461991180e+02
1.928192555327993887e+02
1.741676761608372317e+02
1.602147303832564944e+02
1.609085514000503849e+02
1.540748214350669230e+02
1.691537257471826194e+02
1.700974021878452334e+02
1.674630373058240593e+02
1.548817375020933866e+02
1.709187299881725153e+02
1.684372744849883361e+02
1.958523187923552200e+02
1.668824762053608310e+02
1.580085624994625846e+02
1.758670423226292883e+02
1.609521015658736474e+02
1.754833504412709431e+02
1.604504302800087601e+02
1.626733131664892085e+02
1.756353500253676998e+02
1.634397367252837796e+02
1.685128146695141709e+02
1.622670071666440776e+02
1.577942045190243334e+02
1.755912044069227704e+02
1.436955472657591031e+02
1.721904629433199716e+02
1.427184217865567746e+02
1.744705715911650827e+02
1.714351840184282878e+02
1.766000746067512637e+02
1.712409761419712879e+02
1.833844936179874310e+02
1.762931514333936036e+02
1.677680467194639675e+02
1.849520722789031879e+02
1.603812296988262460e+02
1.661103612742502662e+02
1.780271455418859432e+02
1.686898051601632744e+02
1.597603851265264723e+02
1.869222611998577861e+02
1.461530536464345289e+02
1.509432416508105916e+02
1.762891353632508640e+02
1.736308091705938352e+02
1.638411698814398392e+02
1.675618923952186776e+02
1.808938458553730868e+02
1.657094419307827593e+02
1.669388163646230225e+02
1.445810563717797095e+02
1.648011653957820783e+02
1.871204042342645550e+02
1.505294571513506128e+02
1.876937313525896229e+02
1.412377778748093533e+02
1.510664994419188645e+02
1.654672847126926740e+02
1.888332148323376600e+02
1.559960370148633331e+02
1.666620572330600680e+02
1.676294663583334170e+02
1.664271360124176624e+02
1.616807833257631160e+02
1.751287474865614797e+02
1.656012362330556584e+02
1.595890312013829941e+02
1.452833242930443589e+02
1.719450281676867291e+02
1.698934807796657367e+02
1.474294890455012137e+02
1.668493263332358083e+02
1.757050655952789668e+02
1.549279264842312216e+02
1.617605527746439975e+02
1.715357741127501754e+02
1.938398006520879164e+02
1.654563766985349389e+02
1.494723105662548619e+02
1.493796280286658487e+02
1.850353897280157582e+02
1.459417684867689502e+02
1.460518134762515103e+02
1.751906577436189991e+02
1.427845788204270718e+02
1.947910401867880239e+02
1.839497456565309221e+02
1.639476862218598399e+02
1.573323319653245278e+02
1.604077686773911182e+02
1.824392371156109505e+02
1.430471267277880543e+02
1.646943598305461194e+02
1.726624233730441631e+02
1.731761665262081635e+02
1.857169714252428037e+02
1.641414507038538488e+02
1.584921413897594675e+02
1.708586444374450934e+02
1.707603127738756825e+02
1.730900519810782043e+02
1.633403955478593730e+02
1.565087433122886154e+02
1.621313186814341805e+02
1.618176245708006320e+02
1.428790600132109034e+02
1.703324130655837791e+02
1.814255476883237179e+02
1.561269634223202161e+02
1.756664378788319993e+02
1.856219368975145869e+02
1.481711154580643210e+02
1.636347031053269632e+02
1.720939785428695643e+02
1.554792302648222062e+02
1.686460116880629698e+02
1.748905901826299782e+02
1.178436309552873240e+02
1.992732676422683369e+02
1.719727083742055811e+02
1.466937116498587841e+02
1.471538124538448074e+02
1.599292465041307878e+02
1.501642406283734203e+02
1.668801869117193064e+02
1.785724239529644990e+02
1.723439230330602356e+02
1.823149810875174808e+02
1.881305488871037426e+02
1.564205839037850581e+02
1.691022183271253141e+02
1.469914396396490304e+02
1.552473923947399044e+02
1.720996585920218536e+02
1.647179454035318429e+02
1.558241310211669202e+02
1.474794103184030689e+02
1.541408153517124049e+02
1.595140371191633335e+02
1.493568508757931284e+02
1.500302907759794664e+02
1.471730575519692650e+02
1.598570671305432427e+02
1.557466389928429749e+02
1.599893120593436322e+02
1.672344652768469473e+02
1.776535967646041172e+02
1.528105030277424419e+02
1.664315185334023965e+02
1.809973241962585462e+02
1.475126273068372313e+02
1.511274539691500820e+02
1.739728884565195699e+02
1.466633502684345558e+02
1.722805818080194342e+02
1.672257470937122434e+02
1.430797733925548130e+02
1.462056933344453853e+02
1.541641921181252428e+02
1.577696550653290899e+02
1.449556460792675523e+02
1.508850475436818499e+02
1.667475612699599594e+02
1.475156510445318645e+02
1.472263845037670364e+02
1.575836452816139399e+02
1.682626615346438541e+02
1.650400034844463732e+02
1.594471058047731447e+02
1.729590514807419481e+02
1.803134502190551132e+02
1.748034247304044868e+02
1.608624926850177701e+02
1.635003925294735438e+02
1.774125830349529167e+02
1.487676463087248351e+02
1.438070770545122912e+02
1.684376972279890765e+02
1.592597877356500078e+02
1.739225137967353874e+02
1.723620758123085466e+02
1.647832932189782866e+02
1.687528358196731517e+02
1.558931338712704644e+02
1.668274405934117226e+02
1.699553653451626474e+02
1.789622089174896473e+02
1.525592892910516696e+02
1.512415021151109613e+02
1.536879692838804488e+02
1.608818285019074779e+02
1.418611365104570723e+02
1.528143358493186383e+02
1.874640642593319058e+02
1.657316024582095793e+02
1.826970601675529906e+02
1.634134159672620399e+02
1.418023486897575935e+02
1.836986690510091478e+02
1.662663377412294494e+02
1.496989667707571812e+02
1.478363727653345165e+02
1.800084713517416901e+02
1.866397137099927193e+02
1.481536215831917502e+02
1.506131652728763299e+02
1.854251210965220764e+02
1.717821487978673645e+02
1.443878800841029317e+02
1.630211172747239630e+02
1.656782807098297496e+02
1.635828399993749258e+02
1.658607011642746158e+02
1.624409213485771772e+02
1.664349976489563687e+02
1.780330372232054401e+02
1.525373199584244617e+02
1.460896957251861465e+02
1.471769756046566329e+02
1.679823136896048368e+02
1.423370457276941181e+02
1.609986912051040520e+02
1.472102744051968841e+02
1.781861215405610608e+02
1.900614174877392202e+02
1.650084266976497247e+02
1.175346886907498458e+02
1.704927200183293792e+02
1.684605628540327302e+02
1.502415363192986604e+02
1.896996169344222096e+02
1.658663850242184310e+02
1.805214570096080422e+02
1.477478219787096521e+02
1.765837872924889211e+02
1.683033355425203865e+02
1.499302678022869486e+02
1.853988302534884554e+02
1.600981824792255566e+02
1.517167569582630051e+02
1.563298796485022706e+02
1.500742192268581618e+02
1.445858182808013339e+02
1.893185571885890681e+02
1.402639951775688019e+02
1.822584620698037838e+02
1.622666286722125051e+02
1.611501366720308113e+02
1.518213745639492345e+02
1.723436166432295238e+02
1.410311687023179559e+02
1.677694950933665723e+02
1.432171688084351899e+02
1.472337488931440816e+02
1.636248619267250319e+02
1.665899881970815102e+02
1.526789833761856414e+02
1.490980576232450687e+02
1.639866549590680904e+02
1.686243879610290151e+02
1.536646588836640888e+02
1.613822299016134139e+02
2.118807148752045748e+02
2.014198669475181305e+02
1.455211526822485268e+02
1.409423665482476054e+02
1.725097483082630276e+02
1.760786243955510315e+02
1.553469541060613892e+02
1.617365011641162766e+02
1.723342036146743510e+02
1.605373605147670730e+02
1.484423785771710982e+02
1.629706148112295807e+02
1.513919173166488008e+02
1.629253634282889891e+02
1.688509658968446843e+02
1.505923622652627785e+02
1.608205549740633842e+02
1.589796244430076229e+02
1.770281699001861853e+02
1.715262688279052838e+02
1.704703297703718192e+02
1.700548094193915460e+02
1.791337846800393550e+02
1.621973936607391522e+02
1.571566161177092340e+02
1.547369071566322418e+02
1.666517912141253532e+02
1.603865219309513463e+02
1.744329259449136771e+02
1.591682303580705877e+02
1.487326448944920685e+02
1.550005780404814288e+02
1.639695549707235784e+02
1.512962307685558301e+02
1.630813183007598752e+02
1.795489590038991992e+02
1.550925602958736249e+02
1.675022322367013885e+02
1.664376911487135260e+02
1.503438308321401564e+02
1.768781416658815715e+02
1.430474035398901549e+02
1.456439126547760452e+02
1.497720494831848725e+02
1.625978297370658083e+02
1.569769594165287856e+02
1.437931852046587551e+02
1.473504173291495931e+02
1.664818507268387009e+02
1.502466784539280553e+02
1.497982624615654572e+02
1.716917676650053579e+02
1.556403221347205204e+02
1.562016759667165786e+02
1.475744851010094578e+02
1.670778831435801237e+02
1.659474753180987534e+02
1.685128297747114061e+02
1.698022597711714354e+02
1.519295939603734666e+02
1.728401921152253635e+02
1.836558392093961629e+02
1.736141791636840708e+02
1.557522840540849245e+02
1.759230881875479326e+02
1.600040015261934059e+02
1.613833053797779655e+02
1.850707907515605939e+02
1.543508532866140683e+02
1.909826785379460716e+02
1.493398218793225283e+02
1.434128255308722544e+02
1.859412825160642626e+02
1.586338114598277684e+02
1.473321159737448056e+02
1.812866799052803231e+02
1.528282762879808274e+02
1.771899520320597219e+02
1.796432079148340790e+02
1.530106707659338667e+02
1.536289757836570402e+02
1.600891853573858157e+02
1.475272053621942234e+02
1.695199059236947505e+02
1.597867430076444748e+02
1.636294775838672138e+02
1.607804646802053128e+02
1.851470314690968735e+02
1.763578971821910102e+02
1.589259126379533598e+02
1.521833476459756866e+02
1.631398609600992700e+02
1.681901409251991595e+02
1.694312385575710209e+02
1.695878349405293193e+02
1.432826994011356021e+02
1.878837299850402474e+02
1.747965598106023322e+02
1.551052365822064587e+02
1.604658496860061518e+02
1.469098525652650551e+02
1.641638617340883286e+02
1.827402184176769140e+02
1.517509302645960929e+02
1.885791095056009112e+02
1.431385938768316919e+02
1.613786982458023260e+02
1.619543547972573663e+02
1.591540852154838035e+02
1.444509235267227041e+02
1.707100154843100199e+02
1.618281469927145508e+02
1.704745462242380825e+02
1.874031287547722400e+02
1.534260414042891512e+02
1.874559240586519877e+02
1.594389962168864940e+02
1.618805937911243689e+02
1.802670378452014859e+02
1.718330726631478171e+02
1.999850379027062672e+02
1.504567658640078491e+02
1.458268513026834512e+02
1.624273064676686147e+02
1.633784785871017107e+02
1.633363820485400595e+02
1.693398215409180239e+02
1.568781728527948189e+02
1.581776650147301950e+02
1.596485942438217478e+02
1.667184395812980426e+02
1.437519773933707370e+02
1.844055503893246453e+02
1.710094826150374274e+02
1.547828374193491641e+02
1.817102001271061908e+02
1.732934782370870153e+02
1.509194326686071861e+02
1.770444557911283709e+02
1.449612128104762121e+02
1.600213934985996218e+02
1.624158331399295037e+02
1.723586146039050675e+02
1.451493751009103619e+02
1.597341048006415747e+02
1.475218625736412150e+02
1.530662025623893214e+02
1.418322818889258485e+02
1.681595938290842298e+02
1.563850406047663171e+02
1.713502752043812052e+02
1.579962479563526188e+02
1.559816512779892719e+02
1.433501215212650379e+02
1.832444578172340925e+02
1.566677683111646218e+02
1.417246572137288467e+02
1.486462614421179183e+02
1.528394248839376814e+02
1.573870653990867368e+02
1.608161620861891095e+02
1.636939205377701967e+02
1.626510967672130619e+02
1.579143186570080104e+02
1.860551707219253501e+02
1.741370689163367729e+02
1.717693714542894270e+02
1.488720517096796812e+02
1.766684193446388349e+02
1.525703812632071390e+02
1.763416404790282570e+02
1.867676145770052472e+02
1.416828586980353180e+02
1.788012459832767149e+02
1.817081652402747238e+02
1.675057632342374632e+02
1.614114356368119445e+02
1.623702205563201346e+02
1.691447472296009664e+02
1.643663471339928890e+02
1.651509110206682180e+02
1.612480630260484702e+02
1.581968913764760316e+02
1.560159597380112757e+02
1.563318552306584195e+02
1.881116223879423615e+02
1.772180980003937236e+02
1.447705856917644383e+02
1.445371525318160195e+02
1.486940812416492008e+02
1.826112711924689336e+02
1.699011528989018132e+02
1.546098193351589316e+02
1.753598657902466584e+02
1.523396612807435133e+02
1.644103854918460001e+02
1.650172854265922524e+02
1.555356369330219763e+02
1.789338655717761242e+02
1.603670193404291240e+02
1.682588156049064310e+02
1.763748051613453924e+02
1.576399754007720446e+02
1.916392684268768676e+02
1.646743815285063306e+02
1.740992500035145270e+02
1.560778471204060907e+02
1.521598968873084061e+02
1.760308032496746478e+02
1.690802703637261288e+02
1.547780649341918320e+02
1.630217469645469066e+02
1.620736045222059829e+02
1.662784112579848568e+02
1.673551370195516199e+02
2.018744306858455673e+02
1.611074539401599566e+02
1.623265046669555431e+02
1.709393658038888475e+02
1.628326534533493657e+02
1.662076906038051902e+02
1.537217849862583989e+02
1.826705080041950282e+02
1.790254209271305115e+02
1.719668269867972867e+02
1.706953874113029030e+02
1.739903752587060239e+02
1.417801079848122470e+02
1.476528013789355498e+02
1.616588561004698477e+02
1.518857001445621790e+02
1.512421038046269075e+02
1.712324281360697285e+02
1.551552708660450435e+02
1.684878273885765338e+02
1.792305061760026774e+02
1.547238926371631464e+02
1.516814290935710687e+02
1.599730160399602994e+02
1.517481329892449367e+02
1.521742744851823943e+02
1.871242569679330643e+02
1.531974280444153464e+02
1.703174504705943662e+02
1.722922820554309737e+02
1.624796777018555929e+02
1.948508509756778722e+02
1.430168825926083684e+02
1.611681737057126611e+02
1.496080775438510386e+02
1.717234539140875427e+02
1.718648637237733396e+02
1.684627967730056071e+02
1.716081161375389286e+02
1.476344998285755139e+02
1.711909665559442715e+02
1.669472009701379989e+02
1.571485473628278271e+02
1.654524127613167650e+02
1.410988534444959441e+02
1.665266769229276633e+02
1.687189398144164443e+02
1.456620918487033407e+02
1.611292225439951267e+02
1.819580019386974072e+02
1.811991590851488638e+02
1.688756514353497948e+02
1.643375546416623081e+02
1.587112321831875761e+02
1.540687001414904671e+02
1.763959091766918164e+02
1.571693972553105141e+02
1.840600447752449895e+02
1.795168940455184270e+02
1.575453244376266753e+02
1.690698063817744128e+02
1.799025194492347168e+02
1.805040734880983564e+02
1.741846951490460071e+02
1.747701981290874471e+02
1.413231687248383537e+02
1.583609282440812933e+02
1.604474842474091645e+02
1.734745108416438768e+02
1.726289778142763680e+02
1.728728503944586521e+02
1.654391777909147550e+02
1.722191763755202203e+02
1.635385784264225322e+02
1.601151817391274506e+02
1.642157700857573843e+02
1.815745133402861882e+02
1.676684979075268700e+02
1.552000090535652532e+02
1.597236663376047829e+02
1.709465666231093337e+02
1.557035519804429384e+02
1.677528173220888448e+02
1.616766633957798263e+02
1.787327055216829308e+02
1.602584066804202507e+02
1.658449397950651303e+02
1.671297102934979648e+02
2.069967679722357445e+02
1.567621564160719174e+02
1.848833927101596828e+02
1.441466747512982920e+02
1.848658644639110946e+02
1.723778965859276582e+02
1.645261756266577322e+02
1.915560001259916305e+02
1.464882584138158563e+02
1.808827551892772760e+02
1.623116405571232974e+02
1.671959473156916829e+02
1.471340851760366206e+02
1.585311765064583369e+02
1.521942570365344807e+02
1.593371289738955738e+02
1.548070206104767692e+02
1.785439522322933499e+02
1.742335938661466628e+02
1.678482894716225644e+02
1.703428316900610184e+02
1.503999316526060568e+02
1.692077186333316092e+02
1.765126694632846522e+02
1.444432967476862473e+02
1.740188278266706163e+02
1.626433829881039799e+02
1.406822065016409056e+02
1.470587396508566655e+02
1.509218313719386515e+02
1.779100247316339676e+02
1.600169798065761029e+02
1.573882637062918946e+02
1.675442568505863505e+02
1.716709032849732637e+02
1.664193163473464097e+02
1.723472373602067478e+02
1.536768355953290381e+02
1.799145267750409971e+02
1.887153677700286210e+02
1.665038608419438901e+02
1.690717757880811689e+02
1.445810839577602849e+02
1.592685119927243420e+02
1.852726045272195847e+02
1.601130339596930412e+02
1.742873300575509177e+02
1.794566654802787582e+02
1.504601668191329793e+02
1.858810220041667947e+02
1.412441205018118637e+02
1.442521010985235819e+02
1.659382071780837578e+02
1.809495561938859680e+02
1.575358106545383805e+02
1.615222388334892685e+02
1.670248584328598724e+02
1.621821038764639979e+02
1.713131532195633042e+02
1.766335683806372856e+02
1.682832728751028810e+02
1.840935172272639022e+02
1.579892972240095048e+02
1.572718542961831929e+02
1.439137641497072764e+02
1.919474897525173560e+02
1.835173122230108333e+02
1.418659317506240711e+02
1.686596915585863599e+02
1.560432251632159648e+02
1.768878507471823980e+02
1.409237540399719819e+02
1.644321230662136486e+02
1.817908643161392490e+02
1.726203341962477680e+02
1.541922043173884731e+02
1.759856382579173726e+02
1.497818718079423945e+02
1.972822454600065498e+02
1.573699803155182337e+02
1.800247755719862255e+02
1.691348369681368808e+02
1.629065921899377827e+02
1.822890451816307973e+02
1.603034277568729067e+02
1.427595872897991001e+02
1.775883393577335028e+02
1.625834964987612921e+02
1.689579082465735382e+02
1.899184725503521349e+02
1.704214702580890446e+02
1.716979753318762789e+02
1.744381288322829846e+02
1.742984513839336387e+02
1.597507640472603612e+02
1.554859740805857200e+02
1.577368154572265837e+02
1.579767001095142120e+02
1.606612741339665718e+02
1.465235082396817177e+02
1.730938595908014292e+02
1.984959725497535601e+02
1.885126765691107948e+02
1.411852072781507275e+02
1.529959153646365735e+02
1.780175700852527143e+02
1.566294977258193057e+02
1.743477383346081524e+02
1.754815268469450587e+02
1.740116721149051671e+02
1.479061944587654693e+02
1.742796849142101507e+02
1.543764454480437109e+02
1.493672278439791228e+02
1.544733734951193753e+02
1.555286439786061976e+02
1.723474418915826334e+02
1.723050943976550400e+02
1.476475272881626779e+02
1.851590161326663235e+02
1.504179022760530700e+02
1.435227689307469632e+02
1.847189167965511842e+02
1.593335016944574818e+02
1.720736638160420284e+02
1.600286196984213234e+02
1.749404210299385056e+02
1.654640445234602169e+02
1.144878869162809281e+02
1.626932128974113709e+02
1.993111742510690476e+02
1.529500278183415674e+02
1.697209665945970301e+02
1.519856457178752294e+02
1.487096727397154154e+02
1.493831307529247283e+02
1.722875792193475775e+02
1.477292037292614282e+02
1.593870205293866036e+02
1.664086840689757878e+02
1.540297525960566531e+02
1.608946483619618846e+02
1.463839925026768185e+02
1.690416403706180688e+02
1.670549774231360800e+02
1.566319658934642405e+02
1.626982264697928997e+02
1.868338069556627090e+02
1.684270295653705034e+02
1.660782338567424574e+02
1.571547001340245231e+02
1.786738015685122889e+02
1.550272574170892597e+02
1.603163122993336174e+02
1.567444065492332470e+02
1.912251360161703815e+02
1.524197159137607400e+02
1.447519213470199588e+02
1.578463441494188544e+02
1.511927495615411772e+02
1.806817212910065962e+02
1.848598936214519597e+02
1.703019691191677225e+02
1.403907185653213219e+02
1.776426065163323074e+02
1.652171469132985919e+02
1.559913072842445558e+02
1.681141695492425185e+02
1.673901825272696726e+02
1.643496342549076132e+02
1.794207241389169099e+02
1.670831252614661935e+02
1.494250697432616164e+02
1.868870519749758330e+02
1.659152548318584195e+02
1.851884139785871923e+02
1.442097999452446118e+02
1.655151971060944334e+02
1.665540186883221168e+02
1.801916395173403487e+02
1.506881575707795946e+02
1.798097438899629310e+02
1.550775777133509337e+02
1.606292739888400263e+02
1.471361160214489701e+02
1.486156150111088436e+02
1.941489988361493033e+02
1.594703278231295087e+02
1.880496120344454596e+02
1.443623558592832410e+02
1.610650181339705682e+02
1.569310526727344950e+02
1.538051482744100724e+02
1.481867262243370362e+02
1.606891564974812923e+02
1.536634999957252319e+02
1.746797468151030159e+02
1.711516173041265461e+02
1.766416102522158269e+02
1.680790273374250603e+02
1.869460346318525978e+02
1.682545708702249101e+02
1.577309642126309370e+02
1.564055705227399926e+02
1.689822649204872675e+02
1.586160438729264399e+02
1.611475900771526995e+02
1.993307973070875221e+02
1.540838981004309289e+02
1.700203754902248647e+02
1.458823217739536631e+02
1.417209628931820191e+02
1.618053788819158001e+02
1.654821123094393442e+02
1.693992407508055464e+02
1.756469840836793139e+02
1.470098697777695520e+02
1.521701908676966184e+02
1.751630412125569762e+02
1.579494565730873319e+02
1.877548192414886614e+02
1.723785709065319622e+02
1.556945724250172987e+02
1.872286976649704400e+02
1.644728718609821669e+02
1.685340169999590216e+02
1.516090582130781570e+02
1.647883713469095710e+02
1.669163674515553453e+02
1.736423280362408832e+02
1.538522311671908938e+02
1.742913163973399548e+02
1.534516648027307042e+02
1.549124361269324766e+02
1.660361237802291043e+02
1.656563679949849757e+02
1.729491442916443020e+02
1.556467123640413774e+02
1.401167653290000032e+02
1.582657032925728515e+02
1.604177169382106740e+02
1.638946589523779096e+02
1.486298637681481125e+02
1.545166462760639092e+02
1.554242683318454681e+02
1.826011129230583663e+02
1.821390410659831787e+02
1.595367813819697460e+02
1.675673431906127462e+02
1.525638415492495881e+02
1.869693037847748656e+02
1.815055131732048608e+02
1.634394916468820043e+02
1.815818100871583169e+02
1.609422517988313075e+02
1.753795608388928144e+02
1.643514550098114455e+02
1.734585724012476646e+02
1.773384672701872660e+02
1.755425845286680442e+02
1.554599599686654301e+02
1.727750579838444764e+02
1.461480114634209997e+02
1.643819700869453584e+02
1.652746892076155518e+02
1.770731763609497591e+02
1.543454661147058289e+02
1.813975926745340246e+02
1.594802311126202881e+02
1.561105344251959224e+02
1.846305395097546125e+02
1.430931389887207956e+02
1.627518144845685413e+02
1.507815173591961866e+02
1.869626999509050904e+02
1.726732130215810059e+02
1.642058190753031965e+02
1.743262130341940974e+02
1.717986995468215810e+02
1.619166481297639848e+02
1.673535503577434156e+02
1.506048511784023276e+02
1.661133480865654235e+02
1.597075219424879435e+02
1.711484418135798080e+02
1.524634187654003199e+02
1.630194734532412895e+02
1.566203386429937439e+02
1.522380596854345072e+02
1.682477372439882117e+02
1.511420746300223357e+02
1.885251715141159536e+02
1.478715219530346587e+02
1.535893739881179556e+02
1.745371765718802237e+02
2.021866431889235400e+02
1.499798386522101055e+02
1.844879437111804634e+02
1.489342414627930680e+02
1.720179690590679513e+02
1.674830018356566939e+02
1.821867564404999484e+02
1.587364308220966223e+02
1.566403928274457940e+02
1.580279194777043017e+02
1.600268201560266732e+02
1.647626685191677325e+02
1.462506354357207101e+02
1.645645838101791583e+02
1.656758452614529062e+02
1.680433474822490609e+02
1.765620238679020133e+02
1.628645939579145931e+02
1.597962954081747569e+02
1.539773868428174808e+02
1.494015676639866967e+02
1.724548831983404114e+02
1.821967226110779734e+02
1.666432844445153592e+02
1.645863889907870998e+02
1.679696828711165040e+02
1.914702447236975900e+02
1.631345726627346835e+02
1.696432872783534549e+02
1.512885048417371934e+02
1.524688860647251261e+02
1.595852404518155936e+02
1.689288269576453843e+02
1.708542525681060908e+02
1.786430970651181838e+02
1.546139284259768658e+02
1.586954790130770050e+02
1.580279851188921043e+02
1.658390129074994945e+02
1.690365647589488276e+02
1.529959920250477126e+02
1.719179198341630581e+02
1.576367726430600271e+02
1.669430888615512174e+02
1.469470438070289617e+02
1.516477311244047428e+02
1.549452863670798308e+02
1.869607457355470785e+02
1.818335102409374144e+02
1.564719196400649821e+02
1.690090742005711490e+02
1.545409007492130513e+02
1.431817424798020397e+02
1.857293848522821236e+02
1.600737093948992822e+02
1.456832656696356025e+02
1.687039009569713528e+02
1.662804732031455615e+02
1.538384933744309535e+02
1.567376056306914052e+02
1.600504869434624879e+02
1.494516275179755382e+02
1.419636074594818353e+02
1.576079603525947732e+02
1.674150807645495433e+02
1.673689973531900250e+02
1.647542808271869887e+02
1.797861758784646895e+02
1.589149066338793261e+02
1.704329618351422653e+02
1.957919340262957633e+02
1.699917884353969555e+02
1.437372939108284982e+02
1.784659044373301526e+02
1.528168565251368705e+02
1.472361878824546295e+02
1.610961833593761128e+02
1.706259954122215561e+02
1.448917760540101085e+02
1.559618218106850520e+02
1.604639647593373297e+02
1.686062343483855557e+02
1.713502663711983871e+02
1.405524026609213024e+02
1.498512619788297684e+02
1.611942942724759575e+02
1.672459522724369378e+02
1.567022140142538831e+02
1.683848603380204736e+02
1.539229544290590752e+02
1.539737715285097295e+02
1.720927444169186344e+02
1.518684625279896068e+02
1.676732433458990954e+02
1.593664464796807749e+02
1.636856856410627756e+02
1.463072582707675622e+02
1.779757130580578348e+02
1.752615049927100870e+02
1.778776536343075634e+02
1.666239096165462854e+02
1.614614696398454896e+02
1.407458443600438898e+02
1.804074566006973726e+02
1.437765401352811523e+02
1.545903575846735976e+02
1.568998821842362190e+02
1.946672733721409259e+02
1.713162785065915728e+02
1.549888733964497192e+02
1.924772599951402867e+02
1.448900426850372298e+02
1.667702568322790171e+02
1.427553022813196151e+02
1.746349494573271102e+02
1.582022472141938181e+02
1.905145180856040668e+02
1.489785248192918630e+02
1.532243773530107092e+02
1.693086700109848834e+02
1.560612430103545023e+02
1.533762611292655436e+02
