1.792238896666196979e+02
1.664458247297840501e+02
1.594929921817142144e+02
1.752111162058228047e+02
1.288898770242099090e+02
1.733804179927563496e+02
2.010012421731217955e+02
2.051596648899736124e+02
1.429177395515747833e+02
1.780141539521948459e+02
1.811488439820731458e+02
1.854430241954009091e+02
1.807975869137600284e+02
1.904101824371008149e+02
1.611564584916498859e+02
1.902511188914189972e+02
1.523724897517882653e+02
1.800801145379728041e+02
1.623960560987655128e+02
1.705371206018195096e+02
2.043772475105253648e+02
1.644456841285529265e+02
1.702364481647082926e+02
1.881621295696371305e+02
1.619339228109520832e+02
1.782951012981388885e+02
1.862821450759694812e+02
1.413841913942457325e+02
1.842562505556302028e+02
1.670455808790262324e+02
1.806196706465210013e+02
1.881701851575479338e+02
1.431046583110577615e+02
1.922468759914351608e+02
1.616649083437223169e+02
1.539184013886748801e+02
1.537155074577430014e+02
1.554279125740404197e+02
1.606294914897330273e+02
1.746789504559476711e+02
1.685733174104752550e+02
1.707544788265462330e+02
1.821286268956561685e+02
1.799317539732364821e+02
1.808951612375611546e+02
1.699433053513155869e+02
1.548861256130441006e+02
1.524969800111514644e+02
1.852003363384662293e+02
1.956067432298052324e+02
1.862079535992619981e+02
1.818633064745769445e+02
2.065011208240539986e+02
1.661494346789000645e+02
1.583496900741138518e+02
1.335643388876951860e+02
1.739143099046153509e+02
1.507993989764802905e+02
1.775134401140772695e+02
1.470671175245007021e+02
2.051612597252538421e+02
1.795209698214431739e+02
1.800965497012799403e+02
1.423490651840691044e+02
1.687795408385377698e+02
1.845404165831268131e+02
1.538163524379993703e+02
1.685145950511608248e+02
1.777298193749925304e+02
1.712773157110053717e+02
1.372995715459894370e+02
1.612102827200991442e+02
1.668774929877291129e+02
1.868024384100681061e+02
1.691168774946392261e+02
1.715016320724990635e+02
1.629984152956007222e+02
1.726916185663965564e+02
2.049136264854391243e+02
1.985699126756195199e+02
1.724678356277126738e+02
1.679197444289321766e+02
1.647207708825594636e+02
1.637003652718318847e+02
1.792258264957922620e+02
1.663639897626593438e+02
1.635019837578367969e+02
1.766944639457266817e+02
1.522865906407473062e+02
1.942605367254280395e+02
2.011651640894585569e+02
1.724267467731195040e+02
1.671346596165009544e+02
1.732633573857196154e+02
1.707976242778230187e+02
1.873319365932698020e+02
1.676243099104936221e+02
1.939687640822090202e+02
1.660217909325167795e+02
1.887724272339632989e+02
2.000515910180517380e+02
1.638637766911968185e+02
1.674423109707185802e+02
1.830539292696800544e+02
1.485129627789915219e+02
1.631901862688044673e+02
1.626462990020604025e+02
1.931574962915974822e+02
1.993192537082741467e+02
1.866647482519627204e+02
1.805610444794719456e+02
1.600295719499520715e+02
1.618728765194272796e+02
2.021252421623449322e+02
1.643774273871433707e+02
1.658931284763185090e+02
1.818285218305207422e+02
1.853714139303619390e+02
1.760496936213353081e+02
1.777978708596741058e+02
1.741212605492623595e+02
1.873038781937294175e+02
1.869910373113974629e+02
1.546314500183821110e+02
1.639032727015966486e+02
1.741331747023174898e+02
1.678505006566125815e+02
1.798042954711585537e+02
1.886727781604818404e+02
1.796668097893537208e+02
1.832529961384776129e+02
1.687668082363227597e+02
1.633839617925956134e+02
1.714978587582321552e+02
1.792649301813760587e+02
1.634279706224744757e+02
1.994179642967238237e+02
1.395518969751526299e+02
1.721749271767787661e+02
1.730627135755887025e+02
1.632968096001647496e+02
1.842755809932251907e+02
1.568834763652446327e+02
1.466025179924638451e+02
1.820349062926410113e+02
1.811889819487763873e+02
1.801457082633992286e+02
1.762481756815739402e+02
1.809638751910536598e+02
1.727122846659267168e+02
1.737623279314229592e+02
1.766953100817530071e+02
1.873403232743275737e+02
1.777814550475575004e+02
1.730693046864743110e+02
1.920112564429743713e+02
1.872124531811843724e+02
1.893072712541926705e+02
1.451265785907236250e+02
1.588455005829037248e+02
1.741314698883412859e+02
1.911594194401858431e+02
1.739463418017156755e+02
1.596102701432869253e+02
1.694610813837410888e+02
1.819456055746898357e+02
1.773861188760505172e+02
1.732507767326504506e+02
2.006727843163660907e+02
1.856882473827685374e+02
1.724340326802488903e+02
1.817409833331662981e+02
1.667829941695993341e+02
1.496731743551874558e+02
1.775999450292971176e+02
1.730944437497274464e+02
1.719319215245902797e+02
1.639419294924626911e+02
1.604011181170727411e+02
1.555690800611396583e+02
1.630934455979461006e+02
1.474109637124317942e+02
1.919099272958542315e+02
1.674541822954815871e+02
1.847925969798418464e+02
1.881644405149886836e+02
1.640916647650283835e+02
1.861142966918106936e+02
1.283161810680054202e+02
1.801272928886264708e+02
1.533373112754084673e+02
1.711586310046707240e+02
1.859384014334746098e+02
1.763740133522531721e+02
1.825311393450901107e+02
1.939013664704366988e+02
1.818982144214909056e+02
1.950028499718933404e+02
1.687386525159344330e+02
1.340294769444086000e+02
1.472261428931588512e+02
1.672097019770056647e+02
1.770442835891331015e+02
1.605900268923575140e+02
1.832662696144884080e+02
1.721599403495224578e+02
1.475203667455511436e+02
1.698216183369224268e+02
1.617655769375307386e+02
1.593626140768228652e+02
1.755944639322488854e+02
1.840031093314177042e+02
1.752333257689019490e+02
1.644729364491332717e+02
1.978996797803944787e+02
2.025909960195354813e+02
1.340825413109135695e+02
1.982677540079578762e+02
1.676725459324936196e+02
1.776997041229871854e+02
2.092075277292591977e+02
2.025857255907432091e+02
1.739113255847618120e+02
1.903488827904087088e+02
1.573526154111825406e+02
1.959125330335223225e+02
1.554475728215448669e+02
1.695201010877206613e+02
1.873874544050675581e+02
1.516021833495491649e+02
1.685950590978924595e+02
1.788223688125116837e+02
1.846309825093297263e+02
1.599855077079231762e+02
1.691960216085318507e+02
1.600401906000687404e+02
1.912863567685103305e+02
1.900393429511104273e+02
1.673100557620762459e+02
1.451575886965584061e+02
2.066051507894831900e+02
1.694610920026180167e+02
1.582909930937017577e+02
1.691982876156244799e+02
1.841109254554691290e+02
1.862460541013778652e+02
1.425477251315259082e+02
1.804997789529832914e+02
1.902984400338441446e+02
2.091023721973738247e+02
1.861104427756757502e+02
1.547186070811674767e+02
1.687233284388350683e+02
1.967455146444264642e+02
1.720478720329189741e+02
1.847239479648934548e+02
1.974065872422380892e+02
1.835263941242554324e+02
1.792952377275717026e+02
1.839290370225524782e+02
1.997021857379459959e+02
1.727655522245956661e+02
1.860805170201346925e+02
1.981593116591648140e+02
1.612771663891043659e+02
1.730399704541646884e+02
1.786147474868482448e+02
2.047890596385511799e+02
1.655525962839732586e+02
2.062557809169402958e+02
1.838505403558164915e+02
1.837902164217245797e+02
1.844838976081673252e+02
1.950770519716143667e+02
1.609104830893966778e+02
1.652608342615101265e+02
1.764310621955076783e+02
1.918952978793310535e+02
1.613978315513470534e+02
1.495034291335876446e+02
1.614936893831562656e+02
1.911870189557565993e+02
1.687122276167602877e+02
1.900829507761526145e+02
1.627512283786720673e+02
1.685039068503091642e+02
1.873279330368171713e+02
1.389162549399947579e+02
1.557518018663965051e+02
1.631438718012745142e+02
2.127502629947127559e+02
1.956469925488236754e+02
1.729005021534120203e+02
1.747790623963853420e+02
1.657482011943633040e+02
1.673416411694182671e+02
1.840758833054722743e+02
1.581657520573469640e+02
2.008899158056825058e+02
1.512999066319876249e+02
2.006885332662738506e+02
2.042469435812179768e+02
1.773026140394427159e+02
1.671867423741755374e+02
1.660543700714277406e+02
1.589849341891455765e+02
1.657462757598161716e+02
1.888235976418014843e+02
1.686204674821570677e+02
1.715676759841707337e+02
1.566047727340396136e+02
1.612190820473329325e+02
1.751448560550780655e+02
1.482152625944493707e+02
1.785658415365788869e+02
1.848518302978493466e+02
1.475562023330144541e+02
1.919752609128710219e+02
1.735122088048535431e+02
1.532860085388213633e+02
1.384527797269353755e+02
1.630381553617550878e+02
1.893597741277876878e+02
2.051558993740522396e+02
1.952806084112977487e+02
1.872870606505636886e+02
1.803705807039589502e+02
1.755927057987813953e+02
1.805640257814563086e+02
1.659574440433513018e+02
1.597048185419988044e+02
1.576996977714553907e+02
1.255315049212603213e+02
1.840644391880478850e+02
1.934137426942465368e+02
1.735377081324082837e+02
1.930009726983657288e+02
1.532409455252139878e+02
1.525857903707485264e+02
1.953601921085268032e+02
1.787280459710560194e+02
1.466667064044569031e+02
1.925934030864507065e+02
1.836246383186600895e+02
1.796851540985214797e+02
1.363645073541219972e+02
1.675209012494942726e+02
1.593116646019978475e+02
1.944400958273445497e+02
1.728989347627355073e+02
1.681594719150465664e+02
1.792329698986923177e+02
1.524283244888858917e+02
2.106802364639372627e+02
1.615705643228675967e+02
1.570935501481407357e+02
1.723936315441654301e+02
1.846086534946388440e+02
1.876523413559727942e+02
2.007606497160813319e+02
1.849281982044275310e+02
1.979729535622636263e+02
1.428112989970173885e+02
1.591740352826709568e+02
1.717657449434092314e+02
1.536420400581412480e+02
1.296661692844358242e+02
2.033131286606879087e+02
1.560717889149498205e+02
1.913795147545820328e+02
1.676159113749188805e+02
1.522958920911006828e+02
1.935790772673813080e+02
1.775429236912927138e+02
2.445446321607687423e+02
1.933302548040051079e+02
1.631921619594617425e+02
1.332897199967018764e+02
1.535958777774575310e+02
1.802056018012876848e+02
1.953135712656857095e+02
1.965204215341099996e+02
1.811252393916131780e+02
1.517102062078890867e+02
1.837397213607625872e+02
1.717592449632366254e+02
1.788102128899181196e+02
1.693389776546175085e+02
1.586594396695432181e+02
1.561686444410780723e+02
1.436517346355929021e+02
1.675850782747461665e+02
1.750263876504739926e+02
1.628975004171065848e+02
1.804516269253202836e+02
1.667548510905882324e+02
1.624409148892722499e+02
1.849436951332999968e+02
1.820150567901084742e+02
1.771108639592506222e+02
1.837903127251412627e+02
1.754294592710370750e+02
1.986482159506838059e+02
1.607130675014818735e+02
1.696824538700382163e+02
1.942895010689631761e+02
2.055165165147122934e+02
1.700195927052698721e+02
1.763010752823282132e+02
1.653234314911863976e+02
1.789017047232962341e+02
1.682670797989796654e+02
1.831078639628956353e+02
2.115291076383564928e+02
1.680197077921470452e+02
1.872529880824025383e+02
1.974824543058882114e+02
1.838840763543400385e+02
1.906207798097860859e+02
1.705571386013331505e+02
1.636030534801404883e+02
1.878616673370192132e+02
2.117271855976297843e+02
1.615820263881648202e+02
2.118807159005880010e+02
1.832623435706497901e+02
1.477341105497254716e+02
1.915177356237395827e+02
1.686031849415134616e+02
2.004195097993397781e+02
1.483620316249873099e+02
1.893458780950146831e+02
1.724691820862042846e+02
1.934528553994798870e+02
1.776111290383518622e+02
1.785680758110348449e+02
1.910029982923745138e+02
1.944287762604781165e+02
1.650162172096048891e+02
1.658426396084121563e+02
1.514647133546175155e+02
1.722761602678301642e+02
1.904761586027046576e+02
1.578829480664533094e+02
2.008997499985370325e+02
1.720183472775993891e+02
1.740602493321599979e+02
1.910337963028892148e+02
2.035276335712089235e+02
1.897853282318802712e+02
1.814789099827485188e+02
1.760908096721678078e+02
1.662158513934721498e+02
1.842134015930537885e+02
1.882721655636068476e+02
1.449879516742575447e+02
1.845677598303453806e+02
1.554508337749299471e+02
1.666663493090352404e+02
1.665001277028146944e+02
1.989936367082854645e+02
2.187429536073526037e+02
1.898566945985399173e+02
1.861107538103273953e+02
1.806745750061115530e+02
1.556953845728023111e+02
1.967732754569728115e+02
1.737422673945893052e+02
1.881882350726666857e+02
2.062441513482779669e+02
1.577283050539285512e+02
1.766795515313975216e+02
1.809778455554552465e+02
1.856201224942985277e+02
1.880616234529663018e+02
1.699695105813985663e+02
1.907379070903047875e+02
1.565803563621252010e+02
1.781172836188021904e+02
1.786738668036560966e+02
1.666360172256799785e+02
1.573206087324378473e+02
1.484170006480562733e+02
1.593143467786002532e+02
1.751294520227491773e+02
1.605434221924623159e+02
1.790150056060361123e+02
1.574509870927134045e+02
1.655975540845219030e+02
1.685052955952310469e+02
1.678601035201513980e+02
2.033569564781190593e+02
1.680315351670372479e+02
1.583366524817523668e+02
1.822958122455573289e+02
1.685352435119919221e+02
1.636076569501106235e+02
1.568720556690963122e+02
1.718438391509017151e+02
1.694507971698500626e+02
1.645752195178901047e+02
1.833760697621724773e+02
1.632715617722918182e+02
1.830257808372579689e+02
1.574883968818860751e+02
1.730820715318836847e+02
1.750257103603180440e+02
1.916578541444040695e+02
1.906205933473405878e+02
1.497545798514139790e+02
1.784954895687493490e+02
1.907784674477542808e+02
1.879813795325743797e+02
1.766427904988855175e+02
2.017598786082416780e+02
1.562386733463778512e+02
1.708962863883137686e+02
1.495212529080912987e+02
1.863859526369839728e+02
1.772400067302912134e+02
1.644779006061989151e+02
1.777602097560151435e+02
1.922958639760545907e+02
1.697670128897111681e+02
1.729129006315915831e+02
1.664289118259188740e+02
1.845111594113960507e+02
1.851705623066895612e+02
1.939771657377352199e+02
1.762280131039346145e+02
1.643758255472753547e+02
1.865133782379491265e+02
1.633014550537121181e+02
1.707857799365986295e+02
1.674659618825768348e+02
1.793064079272144227e+02
1.392289330905615543e+02
1.970179356816518634e+02
1.853285291160944723e+02
1.417499335891519081e+02
1.763444178609689459e+02
2.071783160846518399e+02
1.713985763561256874e+02
1.556842258526631326e+02
1.832808675103892995e+02
1.678110978351891731e+02
1.782031678014905935e+02
1.807332811248809890e+02
1.898858012403357804e+02
1.457052366009451703e+02
1.596854703187744917e+02
1.605231853176594825e+02
1.499973050763590550e+02
1.393366579283060673e+02
1.891250870537926119e+02
1.790866693462760395e+02
1.057880098315380906e+02
1.821954998010453721e+02
1.770457822116530622e+02
1.846932546850796939e+02
1.756424093586197159e+02
1.542792547985914098e+02
1.825674002613399978e+02
1.988118169631352714e+02
1.707672267400062651e+02
1.858476468747407182e+02
1.459684461235620176e+02
1.870678822583845431e+02
1.745826924837735419e+02
1.675917957578704147e+02
1.854602420890301744e+02
1.801818686047727169e+02
1.673322913290050451e+02
1.624138744104782859e+02
1.930927111583062583e+02
1.788780974518912785e+02
1.791917646656320926e+02
1.885131678152615109e+02
1.702562676778395598e+02
1.655689693556509496e+02
1.815959744563639049e+02
1.940224424428257635e+02
1.705074931879543669e+02
1.930581425770324984e+02
1.736030969576709424e+02
1.836528762800417383e+02
1.719860623885123516e+02
1.922331445342480549e+02
1.765729116359470652e+02
1.753568012904277396e+02
1.889105363309672896e+02
1.640752480793773032e+02
1.853011633032683960e+02
2.045779789876431209e+02
1.693519595142198852e+02
1.526672297432505161e+02
1.806595247147309351e+02
1.690587183408016472e+02
1.567270842228335823e+02
1.757735045877203106e+02
2.157682643759652592e+02
1.680479371345873290e+02
1.752086575205253496e+02
1.761757636678417782e+02
1.840091432502003670e+02
1.738007330065672136e+02
1.569615822633787445e+02
1.657649277257876008e+02
1.796544440641181382e+02
1.538500566064756470e+02
1.950820022747591338e+02
1.742510529214584665e+02
2.014883731419390074e+02
1.692684525158887539e+02
1.783984998704281963e+02
1.541364647141619457e+02
1.797701870295085769e+02
1.821554306699142387e+02
1.843846540011978163e+02
1.485377510732451753e+02
1.646721528208861969e+02
1.693914971145944719e+02
1.645843682273205104e+02
1.542432408211483335e+02
1.482136604259691808e+02
1.646839790027419781e+02
1.556041701199530962e+02
1.897412207624254847e+02
1.803865217701965662e+02
1.968625311624831227e+02
1.923823643610816703e+02
1.921075721934125795e+02
1.779300811998899974e+02
1.794333096341506177e+02
1.736670463187466851e+02
1.625637793091431718e+02
1.700876375255297148e+02
1.810426910370234737e+02
1.770694161823367097e+02
1.736175201149519012e+02
1.959228828565953791e+02
1.826797890350555349e+02
1.631527174417730066e+02
1.753032112640353830e+02
1.581126763079865043e+02
1.867742874224574052e+02
1.966772232879135061e+02
2.037752011867016790e+02
1.849242921617557727e+02
1.406701917232211940e+02
1.783259040808295026e+02
1.757421114790393233e+02
1.660086965938548360e+02
1.991384951011747830e+02
1.758367619537187068e+02
1.666944766127316484e+02
1.520819028874424816e+02
1.855396180302950881e+02
1.792490068858317329e+02
1.825979174780837582e+02
1.827249030005891086e+02
2.030334140954272755e+02
1.617198597071690926e+02
1.557203211154080691e+02
1.988161918900088381e+02
1.685736708464099536e+02
2.127715849773718730e+02
1.726390712998563970e+02
1.979875479010385106e+02
1.615837577943133283e+02
2.020946351722855923e+02
1.788177910370247048e+02
1.789592679562367437e+02
1.555880988348135929e+02
1.850670761596390719e+02
1.836472682735966941e+02
1.967789907803208962e+02
1.863665935077203812e+02
1.838538080255439411e+02
1.688512362332672865e+02
1.706331520690950185e+02
1.723153256614751001e+02
1.545483670254084814e+02
1.972296926158317376e+02
1.796510994773868504e+02
1.868530145899071044e+02
1.730022339870045869e+02
1.723620824336922226e+02
1.647800463647570552e+02
1.960335049302057655e+02
1.922449427958451622e+02
1.781868119027223827e+02
1.754753589292029119e+02
1.768451521589566369e+02
1.881918184955673041e+02
1.406110529900155655e+02
1.998421989633042699e+02
1.726779340170840271e+02
1.983089497355620381e+02
1.649570707909384168e+02
1.744695817541548024e+02
1.846132876974000396e+02
1.643606032854090699e+02
1.751420050395115879e+02
1.670875259397770662e+02
1.598718889485291186e+02
1.651180337959862072e+02
1.886246174441734524e+02
1.872097403338671597e+02
1.954429047667178168e+02
1.827981933549791052e+02
1.909775320661362628e+02
1.190365044090455342e+02
1.665564139075629271e+02
1.979751477300516456e+02
2.061406782979821628e+02
1.514986824766121742e+02
1.405673648104485380e+02
1.797140417195896873e+02
1.713587499192673249e+02
1.622792258781048815e+02
1.700735246918981716e+02
1.820464119847412405e+02
1.865107726829277510e+02
1.731177739720741613e+02
1.691891126093343303e+02
1.683362284076173694e+02
1.817109418872937567e+02
1.781087822333590225e+02
2.051393394583773500e+02
1.856885034702018800e+02
1.716028270948410750e+02
1.757783563592769553e+02
1.733105875069656179e+02
1.455432320262683277e+02
1.645035950236327551e+02
1.521648871885197707e+02
1.531528088164471342e+02
1.428556680008916260e+02
1.744091694541911863e+02
1.754435116274248685e+02
1.571510149999877797e+02
1.787847996210228132e+02
2.049671864433215944e+02
1.748699355772879755e+02
1.590742040381699667e+02
1.690054304785059287e+02
1.826871257509012878e+02
1.927834252272299977e+02
1.776707313325266853e+02
2.041656375461828077e+02
2.156555913588784961e+02
1.672941922397697567e+02
1.734977982283105575e+02
1.770805884284006311e+02
1.739457345561467037e+02
1.864410182492367767e+02
2.020319891747422503e+02
1.673507319188321958e+02
1.734067557718329340e+02
1.285165007944170839e+02
1.864698248754970962e+02
1.705344225785553647e+02
1.596560857406039702e+02
1.506593780605344648e+02
1.802795999158689995e+02
1.488696754942409086e+02
1.601722111089312932e+02
2.177848386196966715e+02
1.823988598053652197e+02
1.923592987245187658e+02
1.523289881512166346e+02
1.500998162667683005e+02
1.590848607087978905e+02
1.851876712212995812e+02
1.615307111134551974e+02
1.774761882214936293e+02
1.692889185262755802e+02
1.758822722136646064e+02
1.447791723122811618e+02
1.427894775555646447e+02
2.027621167803392552e+02
1.851634682783887058e+02
1.855863966137209502e+02
1.769393116042098768e+02
1.988179507856107193e+02
1.791120028879173844e+02
1.586902522427702422e+02
1.886157034812251823e+02
1.713578618503553059e+02
1.641514484675649328e+02
1.585174937515195381e+02
1.672537602941045805e+02
1.663983607977051236e+02
1.769877462876857805e+02
1.819616822074704885e+02
1.676293549882001059e+02
1.701024736614222945e+02
1.818224386569494015e+02
1.666893606344061425e+02
